0 0.5 0.5125 0.5 0.5125 0.5375 0.5 0.5 0.5125 0.5 0.5 0.5125 0.5 0.525 0.5 0.5125 0.5 0.5 0.5 0.5 0.5 0.5 0.5 0.5 0.5 0.5 0.5 0.5 0.5 0.5 0.5 0.525 0.5 0.5 0.55 0.5 0.5 0.5 0.5 0.5 0.5 0.525 0.5125 0.5 0.5 0.5 0.5125 0.5 0.525 0.5 0.5 
0.5875 0 0.55 0.5 0.5375 0.5125 0.5 0.5 0.525 0.5 0.5125 0.525 0.5 0.5625 0.5 0.5125 0.5125 0.5 0.5 0.525 0.5 0.5375 0.5125 0.5 0.55 0.5 0.4875 0.525 0.5 0.5125 0.5125 0.5125 0.525 0.5125 0.6 0.525 0.5 0.5 0.5 0.5 0.5 0.5 0.5125 0.5 0.5 0.5 0.5 0.5 0.525 0.5 0.5 
0.575 0.525 0 0.5 0.575 0.6125 0.5 0.5 0.525 0.525 0.5125 0.625 0.5 0.525 0.4875 0.6 0.5 0.5 0.4875 0.5 0.5 0.5125 0.5 0.525 0.65 0.55 0.4875 0.55 0.5 0.525 0.55 0.575 0.625 0.5 0.525 0.5125 0.5875 0.5 0.4875 0.5 0.5125 0.5125 0.5 0.5 0.5 0.5 0.4875 0.5 0.5375 0.5125 0.525 
0.5 0.5 0.4625 0 0.4625 0.4875 0.5 0.5125 0.475 0.525 0.45 0.5 0.45 0.525 0.525 0.45 0.4625 0.475 0.525 0.525 0.4875 0.3875 0.45 0.4625 0.525 0.5 0.5125 0.4875 0.525 0.5125 0.5375 0.5 0.5 0.5125 0.5125 0.525 0.5 0.525 0.4875 0.575 0.45 0.5125 0.5 0.525 0.4625 0.5625 0.5125 0.475 0.4875 0.5125 0.4375 
0.625 0.5625 0.6375 0.4875 0 0.5875 0.5 0.5375 0.6 0.525 0.6 0.5125 0.55 0.5625 0.45 0.5875 0.5875 0.5375 0.6 0.6 0.525 0.575 0.4875 0.6 0.7 0.5375 0.525 0.55 0.4625 0.6125 0.45 0.6375 0.6375 0.5 0.6125 0.5625 0.55 0.5 0.6375 0.5125 0.4875 0.6625 0.525 0.5 0.5125 0.5 0.625 0.4875 0.6875 0.5625 0.5625 
0.5875 0.5125 0.625 0.5 0.6125 0 0.5 0.5 0.5375 0.5 0.5375 0.5875 0.5 0.5125 0.475 0.6 0.55 0.5 0.525 0.5 0.5 0.5 0.475 0.5625 0.5625 0.5375 0.525 0.55 0.5125 0.525 0.5125 0.6375 0.575 0.5 0.6625 0.45 0.5625 0.5 0.55 0.4625 0.4875 0.5 0.475 0.5 0.5 0.475 0.4875 0.5 0.475 0.6 0.5875 
0.5 0.5 0.5 0.5 0.5 0.5 0 0.5 0.5 0.5 0.525 0.5 0.5 0.5 0.5 0.5 0.5 0.5 0.5 0.5 0.5 0.5 0.5 0.5 0.5 0.5 0.5125 0.5 0.5 0.5 0.5 0.5 0.5 0.5 0.5 0.5 0.5 0.5 0.4875 0.5 0.5 0.5 0.5 0.4875 0.5 0.5 0.5 0.5 0.5 0.5 0.5 
0.5875 0.65 0.6375 0.5625 0.6875 0.5625 0.5125 0 0.4875 0.5 0.55 0.6625 0.5875 0.65 0.5375 0.65 0.5125 0.7125 0.425 0.6 0.45 0.625 0.4625 0.5875 0.8375 0.5625 0.55 0.525 0.55 0.4375 0.55 0.575 0.725 0.575 0.5 0.475 0.6125 0.5125 0.525 0.475 0.475 0.5625 0.525 0.5125 0.525 0.4625 0.5 0.5875 0.675 0.5875 0.5625 
0.5 0.5375 0.575 0.6125 0.55 0.5375 0.5 0.5125 0 0.4875 0.5 0.525 0.5 0.5625 0.4625 0.4375 0.525 0.575 0.475 0.5375 0.475 0.4625 0.4875 0.525 0.5375 0.575 0.4125 0.4875 0.5375 0.5375 0.65 0.4875 0.55 0.4875 0.5375 0.5375 0.525 0.65 0.525 0.4875 0.55 0.5375 0.6 0.5 0.5125 0.7 0.5625 0.5625 0.525 0.65 0.5125 
0.525 0.5375 0.5 0.4875 0.55 0.5125 0.5 0.5625 0.525 0 0.575 0.525 0.5375 0.55 0.475 0.5125 0.4625 0.55 0.55 0.4875 0.475 0.55 0.5375 0.5 0.5 0.475 0.5375 0.525 0.4375 0.5 0.4625 0.6125 0.55 0.5125 0.575 0.5375 0.6375 0.5375 0.5125 0.5625 0.4875 0.5 0.5125 0.5 0.525 0.5 0.525 0.55 0.525 0.5125 0.65 
0.5 0.525 0.525 0.4625 0.525 0.5375 0.5 0.4625 0.475 0.5125 0 0.4875 0.5125 0.5 0.3875 0.575 0.6125 0.5375 0.475 0.575 0.4375 0.525 0.525 0.575 0.5 0.5625 0.4375 0.4875 0.4875 0.4375 0.475 0.5125 0.4875 0.55 0.5 0.4625 0.525 0.45 0.5625 0.5375 0.4875 0.55 0.4625 0.5 0.55 0.375 0.4875 0.55 0.55 0.45 0.5875 
0.55 0.525 0.5875 0.5 0.5125 0.55 0.5 0.5125 0.5125 0.525 0.475 0 0.5 0.5375 0.4625 0.575 0.5375 0.5 0.4875 0.5 0.475 0.5 0.525 0.5375 0.575 0.55 0.475 0.5125 0.475 0.5 0.5375 0.6375 0.625 0.5 0.55 0.5625 0.525 0.5 0.5 0.4875 0.5125 0.5 0.525 0.5 0.5 0.5375 0.5375 0.5 0.575 0.6 0.575 
0.6875 0.575 0.6875 0.4875 0.575 0.5875 0.5 0.5 0.5125 0.525 0.6125 0.4 0 0.5375 0.475 0.6 0.575 0.6 0.55 0.55 0.4625 0.5375 0.4875 0.5875 0.6375 0.5375 0.3625 0.525 0.5125 0.5375 0.6375 0.6375 0.6125 0.5125 0.7 0.4875 0.5375 0.4875 0.475 0.4875 0.5375 0.4875 0.475 0.5 0.5 0.3875 0.55 0.5125 0.575 0.5125 0.65 
0.5625 0.625 0.6625 0.5 0.5375 0.55 0.5 0.5625 0.6 0.4875 0.5125 0.725 0.5125 0 0.4875 0.5875 0.525 0.575 0.5 0.575 0.525 0.5375 0.525 0.55 0.8 0.5625 0.4875 0.5875 0.55 0.475 0.55 0.6375 0.625 0.5 0.6375 0.625 0.55 0.5125 0.5 0.5125 0.475 0.4875 0.575 0.5 0.5 0.5375 0.5625 0.5 0.625 0.625 0.5375 
0.5 0.45 0.4875 0.5125 0.4375 0.4 0.5 0.5 0.525 0.5 0.3875 0.475 0.4875 0.55 0 0.4375 0.5 0.45 0.55 0.4375 0.475 0.5 0.55 0.4625 0.4875 0.425 0.475 0.4625 0.5625 0.5625 0.525 0.5 0.5375 0.45 0.4625 0.525 0.475 0.525 0.475 0.525 0.4875 0.4375 0.525 0.4875 0.475 0.625 0.4875 0.475 0.4625 0.5375 0.375 
0.6375 0.525 0.675 0.5 0.625 0.625 0.5 0.525 0.5 0.5125 0.5625 0.6375 0.5 0.5125 0.475 0 0.525 0.525 0.5375 0.525 0.4875 0.5125 0.4625 0.6375 0.675 0.525 0.5 0.525 0.525 0.5875 0.55 0.7 0.5875 0.5 0.575 0.475 0.6375 0.4875 0.4875 0.5 0.5 0.525 0.525 0.5 0.5 0.475 0.6125 0.5125 0.525 0.6125 0.6625 
0.4875 0.5 0.55 0.475 0.5375 0.5625 0.5 0.475 0.4625 0.5125 0.6125 0.4875 0.525 0.5 0.5125 0.5375 0 0.5375 0.475 0.4875 0.4625 0.5625 0.4375 0.5625 0.5 0.5625 0.4 0.525 0.425 0.4375 0.4875 0.5375 0.4375 0.5375 0.5125 0.4875 0.5 0.5 0.525 0.4875 0.45 0.5625 0.425 0.5 0.5375 0.3375 0.475 0.5 0.5 0.4 0.625 
0.525 0.5 0.5125 0.5 0.5 0.5 0.5 0.5125 0.5125 0.5 0.525 0.5125 0.5125 0.525 0.5 0.5 0.5 0 0.4875 0.5 0.4875 0.5125 0.5 0.55 0.5 0.4875 0.525 0.4875 0.5 0.5 0.4875 0.475 0.525 0.5 0.5 0.5 0.525 0.525 0.5125 0.5 0.5 0.4875 0.5 0.5 0.5 0.5125 0.5125 0.5 0.4875 0.5 0.5 
0.5 0.5 0.5 0.5 0.4875 0.5 0.5 0.5 0.5 0.5 0.5 0.5 0.5 0.4875 0.5 0.5 0.5 0.5 0 0.5 0.5 0.5 0.5 0.5 0.4875 0.5 0.5 0.5 0.4875 0.4875 0.5 0.4875 0.5 0.5 0.5 0.5125 0.5 0.5 0.5 0.5125 0.5 0.5125 0.5 0.5 0.5 0.5 0.5 0.5 0.5 0.5 0.5 
0.5125 0.6375 0.6125 0.4875 0.6625 0.5875 0.5 0.5875 0.5625 0.5375 0.6875 0.6375 0.6125 0.6625 0.425 0.7 0.5125 0.5625 0.4875 0 0.3625 0.6625 0.45 0.675 0.7125 0.6875 0.475 0.65 0.4875 0.65 0.575 0.7375 0.5625 0.55 0.65 0.4375 0.625 0.5375 0.4375 0.475 0.575 0.5 0.5125 0.55 0.5375 0.5375 0.5625 0.65 0.6 0.7125 0.8 
0.4125 0.5 0.3625 0.55 0.575 0.5125 0.5625 0.45 0.55 0.5 0.35 0.4625 0.3875 0.5625 0.4625 0.375 0.375 0.375 0.675 0.3875 0 0.4125 0.45 0.425 0.5875 0.4 0.6375 0.5125 0.45 0.5125 0.3375 0.3375 0.3875 0.475 0.4625 0.525 0.45 0.45 0.6375 0.425 0.425 0.4625 0.5875 0.55 0.5375 0.425 0.5 0.4375 0.4875 0.425 0.4375 
0.4875 0.5125 0.5625 0.4 0.5125 0.525 0.5 0.525 0.5 0.475 0.6125 0.5 0.525 0.5125 0.45 0.5625 0.625 0.4875 0.475 0.5375 0.4625 0 0.5875 0.5375 0.5 0.5 0.475 0.5 0.4875 0.475 0.4625 0.525 0.5 0.6 0.4875 0.5375 0.525 0.475 0.5125 0.4875 0.4875 0.5375 0.4625 0.55 0.5625 0.3875 0.4625 0.55 0.55 0.4875 0.5625 
0.6 0.5 0.5125 0.5375 0.5375 0.5125 0.5375 0.4625 0.575 0.4875 0.4625 0.5 0.5625 0.5 0.5375 0.475 0.475 0.5375 0.6125 0.4875 0.5 0.4125 0 0.475 0.5125 0.45 0.5125 0.5 0.475 0.525 0.4875 0.5125 0.5125 0.575 0.5625 0.525 0.4875 0.5 0.6 0.625 0.5 0.8125 0.55 0.5375 0.475 0.4875 0.4875 0.525 0.5 0.525 0.5125 
0.55 0.6125 0.625 0.4875 0.6125 0.6125 0.5 0.5375 0.5625 0.475 0.625 0.4875 0.5375 0.55 0.4375 0.5375 0.6375 0.5375 0.425 0.65 0.4875 0.575 0.4625 0 0.575 0.525 0.425 0.5125 0.4625 0.6125 0.5375 0.6 0.5375 0.5 0.6625 0.5375 0.6375 0.525 0.475 0.3875 0.5625 0.3375 0.4875 0.525 0.5625 0.4375 0.5625 0.5875 0.5875 0.5125 0.6375 
0.5875 0.65 0.7375 0.525 0.6 0.5375 0.5 0.5875 0.5375 0.525 0.55 0.65 0.55 0.7 0.475 0.65 0.5 0.5125 0.4875 0.6375 0.5125 0.5375 0.5375 0.65 0 0.5375 0.4375 0.6 0.525 0.525 0.6125 0.7 0.625 0.5 0.7625 0.6 0.7125 0.5 0.5 0.525 0.525 0.4625 0.5625 0.5 0.4875 0.5625 0.625 0.525 0.675 0.6125 0.575 
0.5375 0.5375 0.5875 0.5 0.5375 0.5375 0.5 0.5375 0.4875 0.4625 0.5875 0.4875 0.5375 0.525 0.4125 0.5625 0.6 0.5375 0.4625 0.575 0.45 0.625 0.475 0.575 0.5125 0 0.425 0.4875 0.5 0.4375 0.4625 0.5125 0.475 0.5625 0.5375 0.5375 0.5375 0.4625 0.5 0.4375 0.5 0.575 0.475 0.5 0.5625 0.4125 0.45 0.4625 0.5375 0.5375 0.6 
0.5 0.525 0.5 0.5 0.5125 0.525 0.5 0.5125 0.4875 0.5 0.5125 0.525 0.5 0.4875 0.475 0.5 0.4875 0.5125 0.5125 0.5 0.5 0.5 0.5125 0.5 0.5 0.5125 0 0.5125 0.5 0.5125 0.475 0.5 0.5125 0.5 0.4375 0.5 0.5125 0.5 0.5 0.5125 0.5 0.5125 0.4875 0.5 0.5 0.5 0.475 0.5 0.5 0.4875 0.5 
0.5 0.575 0.6125 0.5375 0.55 0.6 0.5 0.5625 0.5 0.55 0.55 0.5625 0.5125 0.675 0.5375 0.5875 0.525 0.5125 0.3625 0.575 0.4875 0.4875 0.4125 0.6 0.625 0.5375 0.675 0 0.6 0.5375 0.6125 0.6125 0.5625 0.5 0.7125 0.6625 0.6625 0.5 0.575 0.4875 0.525 0.4 0.5375 0.5 0.525 0.575 0.5875 0.575 0.5125 0.5625 0.525 
0.55 0.45 0.475 0.575 0.45 0.5 0.5 0.525 0.55 0.5125 0.4625 0.5125 0.525 0.5875 0.5375 0.425 0.375 0.475 0.5125 0.5125 0.4875 0.5125 0.45 0.3875 0.525 0.5 0.525 0.5375 0 0.575 0.575 0.5375 0.5375 0.45 0.525 0.5 0.5125 0.525 0.525 0.55 0.5375 0.4375 0.5375 0.525 0.45 0.6 0.5375 0.5 0.5125 0.575 0.4375 
0.5 0.5 0.5 0.5 0.5 0.5 0.5 0.5 0.5 0.5 0.5 0.5 0.5 0.5 0.5 0.4875 0.5 0.5 0.5 0.5 0.5 0.5 0.5 0.5 0.5 0.5 0.5 0.4875 0.5 0 0.5 0.5 0.5 0.5 0.5 0.5 0.5 0.5 0.5 0.5 0.5 0.5 0.5 0.5 0.5 0.5 0.5 0.5 0.5 0.5 0.5 
0.6 0.6 0.5375 0.4875 0.4375 0.5625 0.5 0.525 0.6125 0.525 0.4125 0.525 0.5375 0.5875 0.5125 0.4875 0.4875 0.5625 0.4125 0.5375 0.45 0.525 0.5125 0.5375 0.55 0.475 0.4875 0.525 0.5375 0.6 0 0.525 0.55 0.5 0.5875 0.6 0.525 0.5375 0.45 0.475 0.55 0.375 0.55 0.5125 0.5 0.7125 0.65 0.5375 0.475 0.6875 0.6375 
0.5125 0.625 0.6875 0.4875 0.625 0.675 0.5 0.5 0.45 0.5375 0.6125 0.6625 0.5375 0.5375 0.45 0.65 0.5125 0.5 0.4625 0.5625 0.4625 0.525 0.525 0.55 0.675 0.5125 0.5125 0.575 0.5125 0.6 0.575 0 0.6625 0.525 0.6875 0.6 0.6125 0.5 0.5625 0.5 0.5 0.525 0.525 0.5 0.5125 0.525 0.6 0.5125 0.6125 0.6875 0.6875 
0.5 0.5625 0.6 0.5 0.5625 0.5 0.5 0.5625 0.5125 0.525 0.5 0.7 0.5375 0.5625 0.4625 0.575 0.525 0.5375 0.4 0.55 0.5 0.575 0.5125 0.5625 0.725 0.5 0.45 0.5 0.5125 0.625 0.6 0.65 0 0.475 0.5125 0.6 0.575 0.525 0.4875 0.475 0.55 0.3875 0.5625 0.525 0.475 0.5875 0.7375 0.525 0.575 0.675 0.55 
0.5 0.4875 0.525 0.425 0.525 0.5 0.5 0.4875 0.525 0.475 0.525 0.5 0.5375 0.5125 0.475 0.5375 0.525 0.5125 0.4625 0.475 0.4875 0.5625 0.525 0.5375 0.4875 0.5125 0.5 0.475 0.4875 0.475 0.5125 0.5 0.5 0 0.4875 0.475 0.5 0.5125 0.525 0.4625 0.525 0.5125 0.5125 0.425 0.525 0.45 0.5125 0.5125 0.525 0.4875 0.575 
0.575 0.5375 0.5375 0.5 0.525 0.55 0.5 0.5 0.525 0.5 0.5 0.5125 0.5 0.55 0.5 0.5125 0.5 0.5 0.5 0.5125 0.5 0.5 0.525 0.525 0.6 0.5 0.4875 0.5375 0.5 0.5375 0.5125 0.5625 0.5 0.5 0 0.5125 0.5125 0.5 0.4875 0.5 0.525 0.5125 0.5125 0.5 0.5 0.5 0.55 0.5125 0.6125 0.525 0.5 
0.5 0.525 0.4875 0.55 0.475 0.5 0.525 0.4875 0.4625 0.5375 0.45 0.5 0.475 0.5125 0.5 0.475 0.5 0.5125 0.5375 0.5125 0.5 0.475 0.525 0.5 0.5125 0.5125 0.5 0.5375 0.5125 0.5125 0.475 0.5 0.5 0.5125 0.5 0 0.5 0.575 0.475 0.575 0.4875 0.5 0.5125 0.5625 0.5 0.6 0.5 0.525 0.475 0.5125 0.5 
0.5125 0.575 0.55 0.4625 0.5 0.55 0.525 0.5125 0.5125 0.5625 0.5625 0.5875 0.4875 0.5375 0.4375 0.5875 0.5625 0.6 0.525 0.6125 0.5 0.6125 0.5 0.5875 0.5625 0.525 0.4375 0.575 0.55 0.4875 0.5875 0.575 0.5 0.5125 0.6875 0.575 0 0.5375 0.5875 0.5625 0.4875 0.4625 0.5625 0.475 0.5875 0.6 0.475 0.525 0.55 0.5 0.675 
0.5 0.5125 0.4625 0.55 0.45 0.475 0.5125 0.4875 0.5125 0.5375 0.4375 0.5 0.4875 0.525 0.5625 0.45 0.475 0.4875 0.525 0.5125 0.5 0.425 0.475 0.4625 0.525 0.4875 0.5125 0.5 0.5375 0.525 0.55 0.4875 0.5 0.5125 0.5125 0.5125 0.475 0 0.5 0.5375 0.5 0.475 0.5125 0.5125 0.4625 0.6125 0.525 0.525 0.4625 0.55 0.475 
0.5 0.5 0.5 0.55 0.5 0.525 0.5 0.5 0.5 0.5 0.5 0.5 0.5 0.4875 0.4875 0.525 0.5125 0.5125 0.5875 0.4875 0.5125 0.45 0.5375 0.5 0.5 0.5 0.5125 0.5 0.5 0.4875 0.5 0.525 0.4875 0.475 0.4875 0.5125 0.4875 0.5125 0 0.5625 0.5 0.5375 0.4875 0.5 0.4625 0.525 0.4625 0.4875 0.5 0.525 0.5 
0.5375 0.425 0.4375 0.5375 0.55 0.4375 0.5 0.5125 0.5625 0.5125 0.5 0.4875 0.5 0.55 0.55 0.45 0.425 0.5125 0.55 0.4375 0.525 0.4875 0.55 0.45 0.45 0.525 0.5875 0.4625 0.525 0.575 0.5125 0.5 0.4875 0.4875 0.4625 0.5125 0.55 0.4875 0.5875 0 0.5 0.4875 0.525 0.4875 0.475 0.6375 0.5375 0.4625 0.475 0.525 0.4125 
0.55 0.5 0.5 0.5 0.5 0.5 0.5 0.475 0.5 0.5 0.5 0.4875 0.4875 0.5 0.4875 0.5125 0.5125 0.5 0.5 0.5 0.5 0.5125 0.5 0.5 0.5 0.5 0.4875 0.5 0.5 0.5125 0.4875 0.5 0.5 0.5 0.55 0.5 0.525 0.5 0.4875 0.5 0 0.5 0.5 0.5 0.5 0.5125 0.5 0.5125 0.5125 0.5 0.5125 
0.6875 0.4875 0.525 0.5 0.6125 0.5 0.5 0.5 0.5 0.5 0.5 0.575 0.4875 0.5125 0.5125 0.525 0.5375 0.4875 0.5625 0.5125 0.4875 0.5 0.5875 0.425 0.5375 0.5375 0.65 0.45 0.4875 0.4875 0.4625 0.4625 0.5125 0.5 0.4375 0.4875 0.5125 0.5 0.575 0.525 0.475 0 0.4875 0.5 0.5125 0.45 0.45 0.5 0.4625 0.45 0.45 
0.5 0.475 0.475 0.525 0.4875 0.4875 0.5 0.5 0.525 0.525 0.425 0.5125 0.5125 0.5 0.5625 0.4625 0.45 0.5125 0.525 0.4875 0.5375 0.4125 0.475 0.45 0.5 0.5 0.5 0.5 0.5 0.5125 0.5375 0.4875 0.5 0.475 0.5125 0.5125 0.5 0.5375 0.475 0.5375 0.5 0.4625 0 0.5125 0.4875 0.6125 0.5375 0.5125 0.475 0.525 0.4625 
0.5 0.5 0.4625 0.5625 0.475 0.5 0.4875 0.5 0.4625 0.525 0.45 0.5 0.4625 0.5125 0.5375 0.45 0.475 0.4875 0.5375 0.5125 0.475 0.425 0.4875 0.4625 0.5125 0.4875 0.5 0.5 0.5125 0.525 0.5 0.5 0.5 0.425 0.5 0.525 0.5 0.525 0.4875 0.5375 0.4625 0.475 0.5125 0 0.4625 0.5625 0.4875 0.5125 0.4875 0.525 0.45 
0.5 0.4875 0.5 0.4375 0.5125 0.5 0.5 0.525 0.5375 0.4625 0.55 0.5 0.5125 0.5 0.45 0.5375 0.5125 0.4875 0.475 0.4875 0.5125 0.5375 0.4875 0.5125 0.4875 0.5125 0.5 0.4875 0.5 0.475 0.525 0.5 0.5 0.5 0.5 0.4875 0.5 0.4375 0.525 0.425 0.525 0.5125 0.5 0.3875 0 0.4625 0.5125 0.475 0.5375 0.4875 0.5375 
0.5125 0.4875 0.4625 0.5875 0.5 0.475 0.5 0.5 0.525 0.525 0.4125 0.5125 0.475 0.5125 0.5875 0.45 0.4125 0.5 0.525 0.5125 0.5625 0.4625 0.4375 0.4625 0.5125 0.5 0.5125 0.5 0.525 0.525 0.55 0.4875 0.5 0.4375 0.5125 0.5125 0.4875 0.5625 0.5 0.5375 0.525 0.4625 0.5 0.5 0.4625 0 0.55 0.5125 0.45 0.525 0.45 
0.5 0.6 0.5 0.525 0.5 0.5 0.5 0.5125 0.6125 0.5125 0.4625 0.5375 0.5375 0.5875 0.4625 0.475 0.475 0.5625 0.475 0.6 0.5375 0.4625 0.5 0.4875 0.5375 0.45 0.525 0.525 0.5125 0.6125 0.6625 0.55 0.6 0.5375 0.5875 0.575 0.5 0.5125 0.4875 0.475 0.575 0.3375 0.65 0.5125 0.4875 0.675 0 0.4875 0.5875 0.6125 0.525 
0.5875 0.675 0.5375 0.475 0.6 0.5875 0.5375 0.6125 0.5875 0.6375 0.6 0.4875 0.6 0.5625 0.4375 0.575 0.6125 0.55 0.5875 0.6 0.4 0.575 0.725 0.6375 0.75 0.5125 0.45 0.525 0.475 0.55 0.7125 0.5875 0.6625 0.6125 0.7 0.6125 0.6125 0.5875 0.55 0.4375 0.7375 0.5 0.425 0.5375 0.5625 0.55 0.65 0 0.6 0.5375 0.6375 
0.5375 0.525 0.525 0.4875 0.5875 0.5 0.4875 0.525 0.5 0.4875 0.5125 0.575 0.5 0.575 0.525 0.5625 0.4875 0.525 0.525 0.55 0.525 0.5125 0.525 0.5 0.575 0.5 0.5125 0.475 0.5125 0.4875 0.4875 0.5125 0.5125 0.5125 0.5375 0.5375 0.525 0.5125 0.55 0.5125 0.5625 0.475 0.4875 0.5 0.5125 0.525 0.475 0.5375 0 0.525 0.5375 
0.5 0.5 0.55 0.5 0.525 0.55 0.5 0.5125 0.5875 0.4875 0.4875 0.6625 0.5 0.5375 0.5125 0.6875 0.5125 0.5375 0.4875 0.525 0.475 0.525 0.4875 0.5375 0.525 0.5375 0.3875 0.525 0.5125 0.5125 0.575 0.6625 0.575 0.5125 0.5 0.55 0.575 0.5125 0.55 0.5 0.5375 0.5 0.5375 0.5 0.5 0.525 0.55 0.5 0.525 0 0.5375 
0.6375 0.5875 0.6375 0.5 0.5 0.6625 0.5 0.5125 0.4625 0.5625 0.5875 0.6 0.525 0.525 0.4625 0.6125 0.5 0.55 0.5125 0.5875 0.4625 0.5125 0.525 0.65 0.625 0.5125 0.45 0.5625 0.5125 0.6125 0.6 0.7 0.65 0.5125 0.6375 0.575 0.675 0.5 0.475 0.5125 0.525 0.475 0.5 0.5 0.525 0.5 0.5875 0.4875 0.575 0.7625 0 
