0 0.525 0.6 0.5125 0.6875 0.675 0.4875 0.55 0.6125 0.6125 0.6 0.6 0.475 0.6 0.425 0.6 0.45 0.5125 0.7625 0.4625 0.625 0.55 0.725 0.425 0.6125 0.45 0.7125 0.4875 0.6125 0.625 0.5375 0.6 0.5 0.6 0.6375 0.6875 0.6625 0.65 0.7625 0.9375 0.4 0.65 0.5375 0.4875 0.5625 0.5375 0.375 0.65 0.625 0.6 0.6375 
0.675 0 0.825 0.5375 0.725 0.7625 0.475 0.55 0.7125 0.7125 0.6375 0.75 0.75 0.75 0.5125 0.7375 0.65 0.6375 0.375 0.6375 0.475 0.6125 0.675 0.575 0.775 0.6875 0.475 0.625 0.5875 0.775 0.6625 0.7375 0.7625 0.6125 0.8 0.7375 0.7125 0.6125 0.5375 0.525 0.7625 0.375 0.65 0.6375 0.6125 0.6625 0.75 0.625 0.6875 0.7625 0.85 
0.6375 0.675 0 0.475 0.625 0.7375 0.65 0.625 0.65 0.6 0.5375 0.625 0.6375 0.6625 0.4125 0.7625 0.6375 0.6625 0.3125 0.5875 0.35 0.6875 0.6125 0.725 0.9375 0.5375 0.4375 0.6125 0.5625 0.625 0.6 0.725 0.7375 0.4625 0.65 0.7125 0.6875 0.6 0.4875 0.4 0.5375 0.3375 0.475 0.5875 0.575 0.55 0.6125 0.625 0.6625 0.7625 0.6625 
0.4875 0.525 0.4875 0 0.4375 0.475 0.5 0.4875 0.4125 0.625 0.5125 0.4875 0.35 0.4625 0.5125 0.45 0.4625 0.4125 0.6375 0.475 0.6125 0.5125 0.425 0.375 0.45 0.4125 0.625 0.5125 0.5 0.3125 0.375 0.3375 0.4125 0.5625 0.4625 0.4375 0.5 0.4 0.675 0.5 0.3875 0.6 0.425 0.5125 0.5125 0.4625 0.45 0.5 0.5625 0.4375 0.425 
0.6 0.5625 0.5 0.4875 0 0.675 0.5625 0.5875 0.5625 0.5875 0.6 0.575 0.55 0.6375 0.4375 0.725 0.5625 0.6625 0.5375 0.5375 0.6125 0.5125 0.6625 0.575 0.7375 0.4625 0.6875 0.5625 0.55 0.5125 0.45 0.6625 0.7 0.6125 0.6 0.6125 0.6875 0.625 0.65 0.6 0.6375 0.6375 0.6 0.475 0.575 0.5375 0.5 0.6625 0.6 0.525 0.5375 
0.7375 0.575 0.7 0.4875 0.6125 0 0.4875 0.6125 0.625 0.5 0.625 0.55 0.725 0.6 0.5375 0.7125 0.6125 0.575 0.425 0.6375 0.3875 0.675 0.5625 0.6125 0.825 0.55 0.425 0.55 0.5125 0.7 0.775 0.7125 0.7625 0.425 0.55 0.75 0.4875 0.6125 0.5875 0.425 0.575 0.2875 0.5375 0.575 0.4375 0.525 0.8 0.525 0.6375 0.725 0.875 
0.5375 0.475 0.4875 0.4625 0.475 0.4875 0 0.5 0.3375 0.425 0.525 0.4625 0.6125 0.4375 0.4875 0.575 0.45 0.45 0.5625 0.55 0.4625 0.5625 0.6375 0.4875 0.4375 0.5125 0.525 0.625 0.475 0.575 0.525 0.5 0.5625 0.3875 0.5875 0.5125 0.3625 0.5875 0.45 0.4875 0.625 0.4125 0.5125 0.5125 0.5125 0.3625 0.575 0.4625 0.4625 0.3875 0.4375 
0.6125 0.65 0.675 0.5625 0.7 0.625 0.5375 0 0.525 0.5125 0.5375 0.7875 0.575 0.8625 0.5 0.6375 0.5375 0.675 0.3 0.65 0.425 0.725 0.5625 0.5 0.8875 0.625 0.5125 0.475 0.55 0.6 0.6375 0.7375 0.6875 0.65 0.6125 0.525 0.675 0.725 0.4625 0.5 0.5625 0.375 0.65 0.575 0.5875 0.5875 0.625 0.6 0.575 0.6375 0.725 
0.5375 0.7125 0.75 0.475 0.6125 0.625 0.4875 0.575 0 0.5625 0.5375 0.7125 0.6875 0.5375 0.5375 0.8 0.6125 0.7375 0.275 0.6 0.375 0.575 0.625 0.625 0.6625 0.5 0.4125 0.4875 0.4375 0.5625 0.7 0.6875 0.7125 0.5625 0.675 0.6875 0.6125 0.575 0.5875 0.6 0.55 0.35 0.5875 0.525 0.525 0.625 0.6875 0.575 0.6 0.7625 0.775 
0.5 0.6625 0.65 0.525 0.7 0.6125 0.525 0.5625 0.55 0 0.575 0.5875 0.6375 0.625 0.4125 0.6375 0.5125 0.5875 0.4125 0.7375 0.45 0.5125 0.5125 0.6875 0.725 0.6 0.3875 0.55 0.5 0.6875 0.6125 0.6375 0.7125 0.5375 0.7625 0.6375 0.7625 0.6 0.4625 0.35 0.575 0.275 0.6875 0.525 0.675 0.55 0.7125 0.725 0.675 0.6 0.6 
0.5375 0.7 0.625 0.5375 0.625 0.5375 0.5875 0.6 0.7 0.5875 0 0.6125 0.65 0.675 0.5 0.55 0.4875 0.525 0.4 0.6625 0.4375 0.5625 0.45 0.575 0.6875 0.5875 0.575 0.5125 0.55 0.5375 0.625 0.5375 0.6 0.5 0.6 0.675 0.675 0.6125 0.5125 0.4375 0.5375 0.3125 0.5375 0.5125 0.475 0.675 0.55 0.5625 0.5875 0.5125 0.6125 
0.6125 0.7125 0.7125 0.575 0.65 0.6375 0.575 0.6125 0.7625 0.4875 0.7375 0 0.8125 0.8 0.4875 0.7375 0.625 0.7 0.3 0.7125 0.4875 0.675 0.625 0.5125 0.875 0.675 0.4875 0.5125 0.5625 0.725 0.65 0.75 0.6625 0.625 0.65 0.7375 0.675 0.7375 0.5 0.4125 0.6125 0.4125 0.625 0.625 0.5 0.6125 0.8375 0.5 0.7125 0.6625 0.925 
0.625 0.625 0.775 0.425 0.5875 0.7125 0.5 0.5875 0.5625 0.525 0.475 0.5875 0 0.775 0.45 0.5625 0.575 0.5125 0.2625 0.6375 0.3875 0.6125 0.5 0.525 0.575 0.5375 0.3875 0.575 0.5125 0.7375 0.7 0.6875 0.675 0.6625 0.8 0.6625 0.6375 0.5125 0.4 0.4625 0.6875 0.4375 0.55 0.575 0.55 0.525 0.7375 0.6 0.625 0.625 0.6875 
0.575 0.65 0.825 0.4625 0.7125 0.65 0.4625 0.625 0.55 0.5625 0.5625 0.725 0.7125 0 0.5375 0.6375 0.5625 0.55 0.3 0.625 0.475 0.7 0.4625 0.5625 0.775 0.6125 0.3625 0.5125 0.6125 0.65 0.65 0.725 0.775 0.6375 0.5 0.6625 0.6875 0.675 0.5125 0.5 0.75 0.325 0.525 0.6125 0.525 0.575 0.6125 0.55 0.55 0.65 0.6875 
0.35 0.4125 0.3625 0.4375 0.3375 0.4625 0.625 0.475 0.35 0.525 0.4 0.425 0.5875 0.575 0 0.4375 0.5 0.4125 0.4375 0.3625 0.5625 0.45 0.425 0.6 0.3875 0.4125 0.5125 0.5 0.45 0.425 0.4375 0.5375 0.425 0.4125 0.45 0.4625 0.325 0.475 0.4125 0.3875 0.425 0.5375 0.4375 0.425 0.4 0.4375 0.425 0.45 0.3625 0.4375 0.4625 
0.7375 0.6625 0.8375 0.525 0.675 0.675 0.6375 0.625 0.675 0.4875 0.5875 0.7625 0.625 0.7375 0.5125 0 0.6125 0.5375 0.275 0.5875 0.45 0.7 0.6 0.6625 0.7875 0.6 0.4625 0.5875 0.575 0.7625 0.7375 0.7875 0.7625 0.575 0.7875 0.7125 0.7125 0.6875 0.5 0.425 0.6125 0.2625 0.7125 0.5375 0.5 0.7125 0.8 0.575 0.6375 0.8375 0.7 
0.575 0.575 0.625 0.55 0.6375 0.6 0.6 0.5625 0.7625 0.575 0.6375 0.7 0.6625 0.65 0.5125 0.625 0 0.5 0.25 0.5625 0.3625 0.575 0.4 0.6 0.7 0.6125 0.3375 0.5875 0.6 0.5125 0.6 0.725 0.6875 0.5875 0.65 0.7375 0.4875 0.7 0.4375 0.2125 0.65 0.3625 0.5625 0.5625 0.5625 0.5875 0.7875 0.575 0.5 0.6625 0.7125 
0.675 0.55 0.5625 0.475 0.6375 0.7375 0.4875 0.75 0.525 0.5 0.5875 0.5875 0.5375 0.675 0.4625 0.5125 0.5125 0 0.325 0.5875 0.4375 0.7625 0.675 0.6 0.7875 0.5875 0.4875 0.55 0.525 0.5125 0.625 0.6 0.6875 0.55 0.525 0.5 0.5375 0.6125 0.725 0.5875 0.475 0.2625 0.7 0.5625 0.575 0.725 0.5 0.5875 0.5875 0.5625 0.8 
0.6375 0.5 0.275 0.525 0.6125 0.5375 0.4 0.425 0.3375 0.5875 0.55 0.5 0.275 0.4125 0.45 0.4875 0.4 0.525 0 0.425 0.7125 0.5125 0.6375 0.3625 0.2875 0.5125 0.6625 0.425 0.5 0.525 0.3625 0.4375 0.325 0.6 0.575 0.425 0.6375 0.4375 0.5625 0.725 0.525 0.7 0.5625 0.4875 0.55 0.4625 0.4125 0.5125 0.4875 0.475 0.3875 
0.5625 0.725 0.5875 0.5 0.675 0.5125 0.45 0.525 0.6875 0.55 0.6 0.6375 0.625 0.725 0.5375 0.65 0.6 0.6 0.1625 0 0.2125 0.6875 0.475 0.625 0.9125 0.675 0.35 0.625 0.4625 0.5375 0.675 0.6875 0.675 0.55 0.6 0.5375 0.55 0.5875 0.425 0.4375 0.625 0.4375 0.575 0.625 0.4375 0.55 0.675 0.525 0.675 0.7625 0.7875 
0.45 0.4625 0.2875 0.5125 0.5375 0.4375 0.4875 0.525 0.3875 0.4875 0.4625 0.425 0.3375 0.4625 0.4875 0.35 0.4 0.4125 0.85 0.3 0 0.4625 0.5 0.375 0.3625 0.5 0.8 0.4625 0.5625 0.4375 0.35 0.4375 0.3625 0.5875 0.375 0.3 0.5125 0.4 0.675 0.625 0.2875 0.725 0.4875 0.4375 0.4875 0.5 0.375 0.4625 0.4875 0.325 0.3 
0.6625 0.6375 0.5875 0.575 0.6625 0.55 0.5875 0.5625 0.425 0.65 0.6375 0.525 0.4375 0.7625 0.5375 0.6 0.475 0.5625 0.525 0.6 0.45 0 0.6125 0.5875 0.725 0.5375 0.5125 0.6125 0.675 0.625 0.6125 0.675 0.6125 0.65 0.7375 0.6375 0.6875 0.6 0.5 0.7 0.5 0.275 0.4875 0.6125 0.5125 0.5375 0.6125 0.6875 0.6 0.5375 0.525 
0.6875 0.4875 0.575 0.575 0.7 0.5875 0.5 0.6 0.6375 0.55 0.65 0.575 0.55 0.55 0.4 0.55 0.475 0.6 0.675 0.4625 0.6375 0.5375 0 0.5625 0.725 0.575 0.6125 0.5625 0.5625 0.5375 0.6 0.575 0.55 0.525 0.75 0.6875 0.525 0.575 0.75 0.7875 0.6 0.6125 0.5125 0.5625 0.5375 0.5875 0.5375 0.55 0.575 0.65 0.65 
0.65 0.525 0.7625 0.5375 0.7 0.625 0.5875 0.6125 0.6 0.5625 0.5875 0.575 0.475 0.6625 0.4375 0.675 0.5625 0.575 0.225 0.7 0.3875 0.6875 0.675 0 0.7625 0.55 0.4125 0.5375 0.5125 0.6375 0.6375 0.6625 0.6375 0.5125 0.625 0.8125 0.75 0.6375 0.5 0.45 0.525 0.375 0.625 0.525 0.525 0.7 0.575 0.625 0.5875 0.675 0.75 
0.6625 0.75 0.8375 0.5 0.6875 0.675 0.5875 0.7 0.825 0.525 0.6 0.75 0.7 0.825 0.4625 0.8375 0.6125 0.5875 0.2875 0.6625 0.4 0.525 0.725 0.6125 0 0.5875 0.4125 0.5125 0.5375 0.7 0.7 0.6625 0.775 0.5375 0.6875 0.85 0.7 0.65 0.5375 0.5625 0.55 0.425 0.575 0.575 0.55 0.575 0.75 0.5125 0.5625 0.7375 0.8625 
0.5375 0.725 0.6 0.4875 0.6 0.6125 0.375 0.5875 0.7125 0.575 0.5125 0.6625 0.6125 0.5875 0.5125 0.6 0.6375 0.6 0.1625 0.875 0.425 0.65 0.5375 0.475 0.7375 0 0.4 0.5875 0.625 0.6875 0.7625 0.7 0.525 0.5875 0.8125 0.7125 0.5625 0.6875 0.5375 0.5625 0.55 0.5875 0.5625 0.625 0.6 0.7125 0.7875 0.5375 0.6 0.7 0.5875 
0.5875 0.4375 0.425 0.5875 0.5875 0.45 0.5875 0.5 0.4125 0.4375 0.55 0.4375 0.3125 0.5 0.425 0.475 0.4 0.4375 0.6875 0.5 0.7625 0.6 0.65 0.3875 0.4875 0.4375 0 0.5125 0.5375 0.4 0.3125 0.3875 0.3375 0.4 0.2875 0.425 0.4875 0.425 0.8875 0.8 0.325 0.825 0.45 0.475 0.4 0.4375 0.275 0.375 0.525 0.3625 0.425 
0.5375 0.6125 0.6125 0.5125 0.7375 0.6375 0.625 0.5 0.6875 0.5375 0.675 0.5625 0.65 0.725 0.5125 0.725 0.675 0.6375 0.3125 0.8625 0.4375 0.6625 0.525 0.6875 0.85 0.6 0.45 0 0.6375 0.6125 0.6875 0.6 0.625 0.5625 0.7875 0.75 0.575 0.575 0.4125 0.4625 0.8875 0.3625 0.55 0.675 0.5875 0.575 0.725 0.6125 0.7 0.55 0.6875 
0.6625 0.7625 0.4875 0.525 0.6125 0.625 0.5 0.575 0.4625 0.65 0.5 0.6 0.45 0.65 0.45 0.6 0.5625 0.6625 0.6 0.6125 0.4125 0.6625 0.5875 0.5125 0.7 0.5375 0.425 0.575 0 0.6 0.575 0.575 0.425 0.6625 0.7 0.6875 0.5875 0.525 0.575 0.525 0.5875 0.45 0.5 0.5125 0.4875 0.525 0.525 0.5125 0.575 0.5 0.55 
0.55 0.6375 0.7375 0.525 0.525 0.675 0.4875 0.5375 0.725 0.5625 0.6875 0.6125 0.6125 0.8125 0.475 0.65 0.5375 0.6125 0.2625 0.6625 0.5 0.5625 0.55 0.5875 0.9125 0.7 0.375 0.675 0.5625 0 0.6125 0.6125 0.65 0.575 0.7 0.7125 0.7375 0.6 0.525 0.4375 0.6625 0.425 0.5875 0.6 0.5375 0.575 0.6875 0.575 0.6125 0.55 0.525 
0.6 0.7 0.8 0.3625 0.6 0.6625 0.4 0.55 0.725 0.5625 0.6625 0.65 0.7875 0.6125 0.5 0.6125 0.5875 0.6125 0.125 0.525 0.2875 0.575 0.5875 0.725 0.775 0.525 0.45 0.675 0.6 0.8125 0 0.7375 0.7625 0.5625 0.6125 0.7 0.575 0.75 0.4375 0.1875 0.5375 0.4125 0.6 0.6 0.6125 0.55 0.7375 0.6 0.6375 0.7625 0.6 
0.675 0.7 0.675 0.5125 0.75 0.7625 0.65 0.5875 0.7 0.6625 0.5875 0.8 0.7625 0.725 0.4875 0.775 0.6 0.6 0.3125 0.7125 0.475 0.6125 0.6625 0.65 0.5625 0.525 0.4875 0.675 0.6625 0.7125 0.7375 0 0.625 0.625 0.9125 0.7 0.6125 0.7375 0.525 0.55 0.625 0.475 0.6625 0.5375 0.575 0.75 0.8125 0.65 0.5875 0.6125 0.825 
0.575 0.6375 0.725 0.4625 0.6125 0.575 0.475 0.5 0.6625 0.5875 0.6 0.7375 0.7875 0.5 0.475 0.6875 0.6 0.675 0.225 0.7 0.275 0.7 0.6 0.575 0.7625 0.625 0.35 0.5625 0.55 0.7125 0.5875 0.7625 0 0.525 0.7125 0.725 0.6625 0.55 0.4 0.4 0.7625 0.275 0.5875 0.575 0.5125 0.55 0.6875 0.6125 0.6375 0.8 0.6875 
0.6375 0.5875 0.725 0.475 0.6875 0.4875 0.3875 0.5 0.6375 0.4625 0.55 0.5625 0.6625 0.525 0.525 0.5375 0.6125 0.6 0.45 0.6375 0.5 0.725 0.55 0.45 0.7125 0.6 0.475 0.5375 0.575 0.5875 0.55 0.65 0.6 0 0.675 0.7 0.525 0.65 0.65 0.4625 0.6625 0.425 0.5875 0.55 0.425 0.5375 0.65 0.55 0.6875 0.575 0.6 
0.65 0.825 0.8 0.525 0.5875 0.6875 0.5125 0.525 0.775 0.675 0.625 0.6375 0.6625 0.725 0.425 0.65 0.5875 0.675 0.2625 0.5625 0.3875 0.525 0.6875 0.625 0.8875 0.625 0.4 0.675 0.625 0.7625 0.825 0.7125 0.5375 0.5875 0 0.6625 0.6125 0.6375 0.5375 0.475 0.675 0.35 0.5875 0.5375 0.7125 0.6625 0.8125 0.6375 0.6625 0.5625 0.75 
0.625 0.7125 0.775 0.5 0.7 0.7 0.45 0.5875 0.75 0.6125 0.6125 0.7125 0.7375 0.6 0.4625 0.6625 0.6 0.6625 0.4375 0.7 0.4125 0.575 0.6375 0.675 0.725 0.6375 0.4875 0.6375 0.5375 0.6375 0.6125 0.7 0.675 0.5375 0.65 0 0.8 0.6125 0.6625 0.7375 0.725 0.45 0.525 0.65 0.5875 0.775 0.775 0.7 0.65 0.675 0.775 
0.5625 0.7 0.6375 0.5625 0.7125 0.6375 0.55 0.6375 0.4125 0.6375 0.675 0.6375 0.45 0.8 0.5125 0.675 0.55 0.5625 0.275 0.7625 0.3125 0.6875 0.5125 0.6875 0.775 0.6875 0.325 0.5375 0.6 0.775 0.625 0.65 0.55 0.6375 0.55 0.5875 0 0.6375 0.425 0.5125 0.5125 0.375 0.5875 0.5375 0.6125 0.5375 0.6375 0.6375 0.65 0.6125 0.5375 
0.5 0.5625 0.7875 0.5125 0.7 0.6125 0.575 0.4875 0.6875 0.6125 0.7 0.65 0.6625 0.65 0.55 0.4875 0.5 0.5625 0.1875 0.6375 0.3375 0.55 0.4625 0.5 0.7 0.575 0.425 0.525 0.5875 0.6125 0.6625 0.6375 0.675 0.6 0.6375 0.6 0.75 0 0.45 0.4125 0.5625 0.4375 0.525 0.575 0.5125 0.625 0.6625 0.575 0.625 0.5375 0.8125 
0.6875 0.5875 0.5375 0.65 0.625 0.5875 0.35 0.4875 0.6375 0.6 0.5625 0.525 0.375 0.5125 0.475 0.5125 0.4 0.575 0.7125 0.3375 0.725 0.55 0.725 0.4125 0.6375 0.4625 0.75 0.4375 0.5125 0.425 0.3625 0.425 0.3 0.6125 0.675 0.5625 0.625 0.55 0 0.8375 0.2875 0.7125 0.4875 0.475 0.525 0.6625 0.3625 0.4625 0.725 0.3125 0.525 
0.7 0.5625 0.475 0.5875 0.625 0.4875 0.3875 0.5 0.5875 0.55 0.475 0.475 0.3125 0.5375 0.525 0.55 0.45 0.55 0.7375 0.425 0.7375 0.5875 0.6 0.375 0.55 0.55 0.7625 0.5125 0.5625 0.5 0.4 0.5125 0.3375 0.5625 0.5 0.5625 0.6 0.3625 0.7875 0 0.3875 0.7375 0.3875 0.5375 0.4125 0.55 0.4625 0.5625 0.6 0.4 0.4875 
0.5375 0.5625 0.6625 0.45 0.6625 0.65 0.6 0.5625 0.55 0.5375 0.6125 0.5875 0.75 0.6125 0.5 0.6875 0.6125 0.5375 0.275 0.7125 0.325 0.6125 0.6 0.6 0.8375 0.6625 0.325 0.625 0.5625 0.675 0.725 0.7625 0.6875 0.4375 0.85 0.6625 0.4625 0.625 0.35 0.4125 0 0.25 0.65 0.55 0.575 0.5375 0.7875 0.5375 0.5875 0.7 0.65 
0.675 0.5125 0.45 0.4625 0.6125 0.5125 0.45 0.4625 0.375 0.525 0.6 0.625 0.425 0.4875 0.5375 0.5375 0.5 0.4375 0.6 0.4625 0.7 0.45 0.7 0.425 0.55 0.5125 0.725 0.5375 0.5125 0.425 0.4125 0.575 0.475 0.5 0.4625 0.5 0.5 0.6 0.575 0.7625 0.475 0 0.475 0.5125 0.5625 0.4875 0.4875 0.5125 0.5375 0.4875 0.4875 
0.6125 0.5875 0.575 0.5125 0.6875 0.6375 0.575 0.5375 0.4875 0.6375 0.6 0.5875 0.5875 0.65 0.4125 0.675 0.5375 0.5 0.4125 0.5625 0.5875 0.575 0.6375 0.5375 0.6875 0.55 0.375 0.525 0.55 0.55 0.5625 0.6375 0.725 0.575 0.8125 0.6375 0.725 0.575 0.5 0.4625 0.5875 0.325 0 0.5375 0.575 0.5 0.725 0.625 0.5375 0.6375 0.6 
0.5 0.675 0.5875 0.55 0.65 0.575 0.475 0.6125 0.525 0.625 0.6125 0.55 0.6 0.7375 0.5625 0.5125 0.5375 0.4875 0.3125 0.6375 0.4125 0.6375 0.6 0.5 0.7625 0.625 0.4875 0.675 0.5125 0.625 0.5625 0.75 0.625 0.4875 0.55 0.5625 0.65 0.575 0.55 0.5875 0.6 0.475 0.5375 0 0.575 0.6 0.6375 0.7125 0.575 0.5625 0.6 
0.5625 0.6375 0.5875 0.5875 0.6875 0.6125 0.425 0.4625 0.5625 0.625 0.6125 0.5625 0.5625 0.675 0.425 0.4625 0.6125 0.5375 0.4375 0.7 0.425 0.5125 0.55 0.5 0.75 0.5375 0.375 0.5375 0.5125 0.5625 0.525 0.65 0.6625 0.5875 0.85 0.85 0.8125 0.5375 0.575 0.3625 0.6625 0.325 0.525 0.5375 0 0.575 0.75 0.5875 0.675 0.5 0.6875 
0.65 0.8875 0.7875 0.5 0.775 0.775 0.4875 0.6375 0.725 0.7625 0.75 0.75 0.7125 0.625 0.4875 0.7875 0.7 0.7375 0.3125 0.6375 0.4375 0.55 0.6125 0.7 0.7 0.625 0.45 0.75 0.6 0.675 0.675 0.8375 0.7375 0.6 0.8375 0.8125 0.7125 0.575 0.6625 0.6375 0.825 0.4125 0.6875 0.65 0.6 0 0.8875 0.6625 0.6875 0.7875 0.875 
0.65 0.7875 0.7625 0.4 0.7125 0.6375 0.525 0.625 0.7 0.5875 0.65 0.7 0.8125 0.625 0.4625 0.675 0.625 0.575 0.1875 0.625 0.3125 0.6625 0.575 0.6625 0.7375 0.65 0.4125 0.5875 0.6 0.725 0.75 0.6875 0.8 0.5875 0.8125 0.7875 0.6125 0.5875 0.4375 0.375 0.7375 0.275 0.6875 0.55 0.5875 0.55 0 0.6 0.6375 0.8 0.725 
0.6 0.8375 0.7125 0.4875 0.65 0.6625 0.4 0.5375 0.7625 0.6 0.6125 0.65 0.7125 0.575 0.4375 0.6 0.5375 0.6125 0.4375 0.7 0.4125 0.6375 0.7125 0.7 0.8125 0.6125 0.3625 0.6125 0.5125 0.7375 0.6625 0.625 0.625 0.525 0.725 0.7625 0.575 0.525 0.675 0.55 0.6 0.35 0.5375 0.675 0.625 0.6125 0.7875 0 0.675 0.7 0.8375 
0.625 0.7375 0.65 0.65 0.775 0.6 0.525 0.6125 0.7125 0.6375 0.525 0.6875 0.625 0.6375 0.475 0.675 0.55 0.5875 0.6 0.5875 0.6375 0.5625 0.6125 0.4625 0.7625 0.6 0.6 0.55 0.4875 0.6125 0.5625 0.7375 0.5125 0.55 0.75 0.7375 0.6875 0.5625 0.55 0.6875 0.525 0.6375 0.725 0.6 0.675 0.725 0.7375 0.6875 0 0.5 0.725 
0.4625 0.5125 0.55 0.425 0.6 0.5375 0.5625 0.525 0.7375 0.525 0.575 0.6125 0.625 0.7 0.475 0.625 0.625 0.6 0.275 0.575 0.3375 0.55 0.45 0.625 0.625 0.65 0.25 0.6125 0.475 0.5125 0.5875 0.65 0.7375 0.55 0.5 0.6375 0.4875 0.6875 0.3125 0.4 0.7875 0.4 0.625 0.5375 0.5 0.725 0.5875 0.5625 0.575 0 0.7125 
0.6375 0.55 0.6375 0.5375 0.6375 0.725 0.5375 0.55 0.7 0.475 0.625 0.6125 0.725 0.6125 0.5 0.6375 0.6 0.6625 0.3 0.7 0.325 0.6 0.6875 0.4875 0.75 0.5625 0.4875 0.5625 0.55 0.7375 0.7375 0.6375 0.6875 0.475 0.7375 0.5125 0.4125 0.7875 0.6375 0.525 0.725 0.3375 0.6875 0.5875 0.45 0.625 0.675 0.6125 0.6 0.6875 0 
